516532076174342
586956672084902
786284884274745
884530393259427
212074473912111
758674681097802
380795132194932
058312440171982
565157498827991
102643473992934
346915821443671
355364347867844
411102998691869
929743105577935
718856301581735
343885184544967
724637300125385
886662683556780
605777589345530
476717766949839
747651238603250
734520701140143
018367951465823
997868482301343
017558148144230
168884481307127
398339495125140
081022674037303
973295594650634
601800745540449
079716996886569
263974960868545
666498557967768
414264742311058
062645720324763
136194161768832
443058899971894
196053148491866
258432166072904
509533609180955
539862243938356
524737609831780
720202996159390
252260424029697
927962091604560
456384119985152
212648242962665
943252657092345
730925554990421
466712577595698
409560754053193
426510911176318
569104885611750
495583087296855
216751975410913
736003586780278
958688853270053
784368911458584
039018644436311
842097521725869
985032662848496
354516920619827
894169174261101
895164142840970
896195498511159
509934120584436
932758205466823
066379411507955
837530125805220
635371976010330
470638991244949
852294177508752
855689970674669
094325601336094
766347223055203
919266962991258
055045000131499
598535910756338
927132737430790
446809527026528
157685176203846
222995076600971
197879585716050
755352962590771
486182969486227
195272463499843
093045912588132
286942078325430
583608688158033
936220215328427
015232053516487
281580034619346
818539071043689
362314003995431
516532076174342
179731702849940
024603735445072
024480646681472
455983614344383
586956672084902
786284884274745
884530393259427
212074473912111
058312440171982
565157498827991
102643473992934
346915821443671
355364347867844
411102998691869
929743105577935
718856301581735
343885184544967
724637300125385
886662683556780
605777589345530
476717766949839
747651238603250
734520701140143
018367951465823
997868482301343
017558148144230
168884481307127
398339495125140
263974960868545
666498557967768
414264742311058
062645720324763
136194161768832
443058899971894
196053148491866
258432166072904
509533609180955
539862243938356
524737609831780
720202996159390
252260424029697
927962091604560
456384119985152
212648242962665
943252657092345
730925554990421
466712577595698
409560754053193
426510911176318
569104885611750
495583087296855
216751975410913
736003586780278
958688853270053
784368911458584
039018644436311
842097521725869
985032662848496
354516920619827
894169174261101
895164142840970
589235562179170
325434074412402
896195498511159
509934120584436
932758205466823
066379411507955
837530125805220
635371976010330
470638991244949
852294177508752
855689970674669
094325601336094
766347223055203
919266962991258
055045000131499
598535910756338
927132737430790
446809527026528
157685176203846
222995076600971
197879585716050
755352962590771
486182969486227
195272463499843
093045912588132
286942078325430
583608688158033
936220215328427
015232053516487
281580034619346
818539071043689
362314003995431
516532076174342
179731702849940
024603735445072
024480646681472
455983614344383
586956672084902
786284884274745
884530393259427
212074473912111
758674681097802
380795132194932
058312440171982
565157498827991
102643473992934
346915821443671
355364347867844
411102998691869
929743105577935
718856301581735
343885184544967
724637300125385
886662683556780
605777589345530
476717766949839
747651238603250
734520701140143
018367951465823
997868482301343
017558148144230
168884481307127
398339495125140
081022674037303
973295594650634
601800745540449
079716996886569
263974960868545
666498557967768
414264742311058
062645720324763
136194161768832
509533609180955
539862243938356
524737609831780
720202996159390
252260424029697
927962091604560
456384119985152
212648242962665
943252657092345
730925554990421
466712577595698
409560754053193
426510911176318
569104885611750
495583087296855
216751975410913
736003586780278
958688853270053
784368911458584
039018644436311
842097521725869
985032662848496
354516920619827
894169174261101
895164142840970
589235562179170
325434074412402
896195498511159
509934120584436
932758205466823
066379411507955
837530125805220
635371976010330
470638991244949
852294177508752
855689970674669
094325601336094
766347223055203
919266962991258
055045000131499
598535910756338
927132737430790
446809527026528
157685176203846
222995076600971
197879585716050
755352962590771
486182969486227
195272463499843
093045912588132
286942078325430
583608688158033
936220215328427
015232053516487
281580034619346
818539071043689
362314003995431
516532076174342
179731702849940
024603735445072
024480646681472
455983614344383
586956672084902
786284884274745
884530393259427
212074473912111
758674681097802
380795132194932
058312440171982
565157498827991
102643473992934
346915821443671
355364347867844
411102998691869
929743105577935
718856301581735
343885184544967
724637300125385
886662683556780
605777589345530
476717766949839
747651238603250
734520701140143
018367951465823
997868482301343
017558148144230
168884481307127
398339495125140
081022674037303
973295594650634
601800745540449
079716996886569
263974960868545
666498557967768
414264742311058
062645720324763
509533609180955
539862243938356
524737609831780
720202996159390
252260424029697
927962091604560
456384119985152
212648242962665
943252657092345
736003586780278
958688853270053
784368911458584
039018644436311
842097521725869
985032662848496
354516920619827
894169174261101
895164142840970
589235562179170
325434074412402
896195498511159
509934120584436
932758205466823
066379411507955
837530125805220
766347223055203
919266962991258
055045000131499
598535910756338
927132737430790
446809527026528
157685176203846
222995076600971
197879585716050
755352962590771
486182969486227
195272463499843
093045912588132
286942078325430
583608688158033
936220215328427
015232053516487
281580034619346
818539071043689
362314003995431
516532076174342
179731702849940
024603735445072
024480646681472
455983614344383
586956672084902
786284884274745
884530393259427
212074473912111
758674681097802
380795132194932
058312440171982
565157498827991
102643473992934
346915821443671
355364347867844
411102998691869
929743105577935
718856301581735
343885184544967
724637300125385
886662683556780
605777589345530
476717766949839
747651238603250
734520701140143
018367951465823
997868482301343
017558148144230
168884481307127
398339495125140
081022674037303
973295594650634
601800745540449
079716996886569
263974960868545
666498557967768
414264742311058
062645720324763
136194161768832
443058899971894
196053148491866
258432166072904
509533609180955
539862243938356
524737609831780
720202996159390
252260424029697
927962091604560
456384119985152
212648242962665
943252657092345
730925554990421
466712577595698
409560754053193
426510911176318
569104885611750
495583087296855
216751975410913
736003586780278
958688853270053
784368911458584
039018644436311
842097521725869
985032662848496
354516920619827
894169174261101
895164142840970
589235562179170
325434074412402
896195498511159
509934120584436
932758205466823
066379411507955
837530125805220
635371976010330
470638991244949
852294177508752
855689970674669
094325601336094
766347223055203
919266962991258
055045000131499
598535910756338
927132737430790
446809527026528
157685176203846
093045912588132
286942078325430
583608688158033
936220215328427
015232053516487
281580034619346
818539071043689
362314003995431